4956 -50 -200 0 25000 -21000 -1007000 23776 23912 24048 -35 
4956 -250 -300 -150 26000 -23000 -1002000 23912 23912 23912 -37 
4954 -100 -700 100 26000 -20000 -1005000 23912 23912 23912 -38 
4954 -200 300 350 28000 -19000 -1006000 23912 23912 23912 -35 
4956 250 -100 50 28000 -19000 -1006000 23912 23912 23912 -35 
4956 -450 -200 50 29000 -20000 -1007000 23912 23912 23912 -39 
4956 0 -7450 2750 20000 316000 -940000 23912 23912 24048 -64 
4954 -6600 500 25750 -5000 355000 -904000 23912 23912 24048 -35 
4956 -24250 39550 -36100 -19000 881000 -532000 23912 23912 24048 120 
4956 44100 -19400 8850 -123000 52000 -976000 23912 23912 24048 -110 
4956 2050 -3200 1150 71000 37000 -995000 24048 24048 24048 -49 
4954 -50 -350 -500 14000 12000 -1006000 23912 23912 24048 -37 
4956 -200 400 0 6000 14000 -1011000 23912 23912 24048 -35 
4956 -450 300 -50 7000 10000 -1005000 23912 24048 24048 -34 
4956 -650 200 100 9000 12000 -1006000 24048 24048 24320 -35 
4956 -200 450 50 9000 14000 -1010000 24048 24048 24184 -35 
4956 0 -350 -300 9000 13000 -1010000 24048 24048 24184 -38 
4956 400 -600 -300 11000 11000 -1004000 24048 24048 24184 -38 
4956 50 0 50 10000 11000 -1007000 24048 24048 24184 -35 
4956 -400 200 -600 12000 13000 -1007000 24184 24048 24184 -34 
4954 100 0 500 9000 11000 -1006000 24048 24048 24184 -35 
4956 450 -150 100 7000 15000 -1004000 24184 24048 24184 -36 
4956 350 400 -250 6000 13000 -1008000 24184 24048 24184 -34 
4954 -350 -1000 200 7000 13000 -1004000 24184 24048 24320 -39 
4954 500 -50 -350 11000 14000 -1008000 24184 24184 24184 -35 
4956 0 100 250 9000 12000 -1006000 24184 24048 24184 -35 
4956 50 -150 -350 7000 13000 -1009000 24184 24184 24320 -35 
4956 150 500 -200 12000 10000 -1006000 24184 24184 24320 -34 
4956 -150 0 200 7000 13000 -1006000 24048 24184 24320 -35 
4956 50 250 -100 10000 18000 -1007000 24184 24184 24320 -35 
4956 -100 -600 0 8000 15000 -1006000 24184 24184 24320 -39 
4956 450 250 -600 8000 7000 -1008000 24184 24320 24320 -34 
4956 -400 -600 -200 8000 11000 -1007000 24184 24184 24320 -37 
4956 400 -200 -50 8000 9000 -1007000 24184 24184 24184 -36 
4956 350 -350 -600 13000 11000 -1008000 24184 24184 24320 -37 
4956 -850 150 550 9000 16000 -1006000 24320 24184 24320 -35 
4956 250 550 -550 9000 9000 -1006000 24184 24184 24320 -34 
4956 200 -1050 250 8000 13000 -1008000 24320 24184 24320 -40 
4956 50 -150 -250 8000 11000 -1005000 24184 24184 24320 -36 
4954 650 -500 -250 9000 10000 -1008000 24184 24320 24320 -38 
4954 -150 250 550 5000 14000 -1007000 24320 24184 24320 -34 
4956 0 100 150 12000 10000 -1012000 24320 24320 24320 -35 
4956 150 250 -300 7000 14000 -1007000 24320 24320 24320 -35 
4954 350 150 450 11000 8000 -1005000 24320 24320 24320 -36 
4956 600 -600 500 8000 10000 -1007000 24320 24320 24456 -39 
4956 -400 -750 -50 11000 13000 -1007000 24320 24320 24456 -39 
4954 -300 -50 250 10000 11000 -1008000 24184 24320 24320 -36 
4956 50 -450 750 9000 11000 -1004000 24320 24320 24456 -37 
4956 -350 -350 -150 14000 13000 -1005000 24320 24184 24456 -37 
4956 150 -550 0 7000 12000 -1007000 24320 24320 24456 -39 
4956 -200 250 -50 9000 9000 -1003000 24320 24320 24456 -35 
4956 -250 0 200 13000 13000 -1007000 24320 24184 24320 -35 
4956 350 200 -350 9000 12000 -1010000 24320 24320 24456 -35 
4956 200 -100 0 6000 12000 -1005000 24320 24320 24456 -36 
4956 -850 450 -50 8000 14000 -1007000 24320 24320 24456 -33 
4954 -200 -450 -200 6000 15000 -1004000 24320 24320 24456 -38 
4956 250 -400 0 10000 10000 -1005000 24320 24320 24456 -38 
4956 50 -50 -150 12000 12000 -1003000 24320 24320 24456 -35 
4956 350 450 200 9000 14000 -1009000 24320 24320 24456 -34 
4956 0 100 150 12000 10000 -1010000 24320 24320 24592 -35 
4956 50 100 150 10000 9000 -1006000 24456 24320 24456 -35 
4954 -150 -450 -150 5000 14000 -1007000 24320 24320 24456 -38 
4954 -100 -150 500 11000 8000 -1007000 24456 24320 24456 -37 
4956 -50 -100 300 9000 11000 -1007000 24456 24320 24456 -35 
4956 -450 950 -450 8000 13000 -1008000 24456 24320 24592 -32 
4956 -250 -100 650 9000 13000 -1006000 24456 24320 24456 -35 
4956 -200 200 -350 6000 14000 -1008000 24456 24456 24592 -36 
4956 -100 350 250 4000 14000 -1005000 24456 24456 24456 -34 
4956 -400 -100 -400 5000 10000 -1005000 24456 24320 24592 -36 
4956 -50 100 150 7000 11000 -1004000 24320 24320 24592 -36 
4956 200 750 300 8000 10000 -1006000 24456 24320 24456 -33 
4956 150 0 200 6000 8000 -1007000 24320 24320 24456 -35 
4956 250 0 -100 4000 12000 -1007000 24456 24320 24456 -35 
4954 300 -50 -50 7000 14000 -1008000 24456 24456 24456 -35 
4956 -300 250 150 11000 11000 -1006000 24456 24456 24456 -34 
4956 350 50 -600 8000 12000 -1004000 24456 24456 24456 -35 
4956 150 -200 -450 4000 13000 -1007000 24456 24456 24592 -35 
4954 600 0 -1000 14000 16000 -1004000 24456 24456 24456 -35 
4956 -150 100 100 4000 15000 -1008000 24456 24456 24456 -35 
4956 600 -300 150 7000 11000 -1006000 24456 24456 24592 -37 
4956 -100 300 -450 9000 13000 -1009000 24456 24456 24592 -35 
4956 -50 450 50 6000 13000 -1010000 24456 24456 24592 -34 
4956 450 -500 -450 6000 11000 -1008000 24456 24456 24592 -37 
4954 -200 200 -250 9000 11000 -1006000 24456 24456 24592 -34 
4956 -250 50 150 2000 18000 -1006000 24320 24456 24592 -36 
4956 100 700 -250 6000 12000 -1007000 24456 24456 24456 -33 
4956 -200 300 -100 7000 14000 -1010000 24456 24456 24592 -35 
4956 100 -100 -50 9000 13000 -1008000 24456 24456 24592 -37 
4956 -750 1950 4100 245000 -162000 -977000 24456 24456 24592 -28 
4956 -450 -250 0 5000 10000 -1010000 24456 24456 24592 -36 
4956 400 -100 450 10000 12000 -1004000 24456 24456 24592 -35 
4956 -550 50 -400 7000 13000 -1011000 24456 24456 24592 -35 
4956 -500 -350 -300 10000 13000 -1009000 24456 24456 24592 -39 
