0.0	89.6	-217.6	396.8	-256.0	7936.0	-256.0	-9.82	-9.82	-9.82	3.09	
1.24	0.0	-89.6	12.8	-3584.0	512.0	2304.0	94.63	-149.08	-9.82	3.09	
6.81	0.0	0.0	345.6	0.0	0.0	6912.0	25.0	25.0	-149.08	0.0	
6.81	0.0	0.0	345.6	0.0	0.0	6912.0	25.0	25.0	-149.08	0.0	
6.81	0.0	0.0	345.6	0.0	0.0	6912.0	25.0	25.0	-149.08	0.0	
6.81	0.0	0.0	345.6	0.0	0.0	6912.0	25.0	25.0	-149.08	0.0	
6.81	0.0	0.0	345.6	0.0	0.0	6912.0	25.0	25.0	-149.08	0.0	
6.81	0.0	0.0	345.6	0.0	0.0	6912.0	25.0	25.0	-149.08	0.0	
6.81	0.0	0.0	345.6	0.0	0.0	6912.0	25.0	25.0	-149.08	0.0	
0.0	89.6	-204.8	396.8	-256.0	7936.0	-256.0	-9.82	-9.82	-9.82	3.09	
3.71	0.0	-89.6	12.8	-3328.0	512.0	2304.0	94.63	-149.08	-9.82	3.09	
6.81	0.0	0.0	345.6	0.0	0.0	6912.0	25.0	25.0	-149.08	0.0	
6.81	0.0	0.0	345.6	0.0	0.0	6912.0	25.0	25.0	-149.08	0.0	
6.81	0.0	0.0	345.6	0.0	0.0	6912.0	25.0	25.0	-149.08	0.0	
6.81	0.0	0.0	345.6	0.0	0.0	6912.0	25.0	25.0	-149.08	0.0	
6.81	0.0	0.0	345.6	0.0	0.0	6912.0	25.0	25.0	-149.08	0.0	
0.0	89.6	-204.8	396.8	-256.0	7936.0	-256.0	-9.82	-9.82	-9.82	3.09	
3.71	0.0	-102.4	12.8	-3328.0	512.0	2304.0	94.63	-149.08	-9.82	3.09	
6.81	0.0	0.0	345.6	0.0	0.0	6912.0	25.0	25.0	-149.08	0.0	
6.81	0.0	0.0	345.6	0.0	0.0	6912.0	25.0	25.0	-149.08	0.0	
6.81	0.0	0.0	345.6	0.0	0.0	6912.0	25.0	25.0	-149.08	0.0	
6.81	0.0	0.0	345.6	0.0	0.0	6912.0	25.0	25.0	-149.08	0.0	
6.81	0.0	0.0	345.6	0.0	0.0	6912.0	25.0	25.0	-149.08	0.0	
6.81	0.0	0.0	345.6	0.0	0.0	6912.0	25.0	25.0	-149.08	0.0	
6.81	0.0	0.0	345.6	0.0	0.0	6912.0	25.0	25.0	-149.08	0.0	
6.81	0.0	0.0	345.6	0.0	0.0	6912.0	25.0	25.0	-149.08	0.0	
6.81	0.0	0.0	345.6	0.0	0.0	6912.0	25.0	25.0	-149.08	0.0	
6.81	0.0	0.0	345.6	0.0	0.0	6912.0	25.0	25.0	-149.08	0.0	
6.81	0.0	0.0	345.6	0.0	0.0	6912.0	25.0	25.0	-149.08	0.0	
6.81	0.0	0.0	345.6	0.0	0.0	6912.0	25.0	25.0	-149.08	0.0	
6.81	0.0	0.0	345.6	0.0	0.0	6912.0	25.0	25.0	-149.08	0.0	
6.81	0.0	0.0	345.6	0.0	0.0	6912.0	25.0	25.0	-149.08	0.0	
6.81	0.0	0.0	345.6	0.0	0.0	6912.0	25.0	25.0	-149.08	0.0	
6.81	0.0	0.0	345.6	0.0	0.0	6912.0	25.0	25.0	-149.08	0.0	
6.81	0.0	0.0	345.6	0.0	0.0	6912.0	25.0	25.0	-149.08	0.0	
6.81	0.0	0.0	345.6	0.0	0.0	6912.0	25.0	25.0	-149.08	0.0	
6.81	0.0	0.0	345.6	0.0	0.0	6912.0	25.0	25.0	-149.08	0.0	
6.81	0.0	0.0	345.6	0.0	0.0	6912.0	25.0	25.0	-149.08	0.0	
6.81	0.0	0.0	345.6	0.0	0.0	6912.0	25.0	25.0	-149.08	0.0	
0.0	89.6	-217.6	396.8	-256.0	7936.0	-256.0	-9.82	-9.82	-9.82	3.09	
4.95	0.0	-153.6	12.8	-3072.0	512.0	2560.0	94.63	-149.08	-9.82	3.09	
6.81	0.0	0.0	345.6	0.0	0.0	6912.0	25.0	25.0	-149.08	0.0	
6.81	0.0	0.0	345.6	0.0	0.0	6912.0	25.0	25.0	-149.08	0.0	
6.81	0.0	0.0	345.6	0.0	0.0	6912.0	25.0	25.0	-149.08	0.0	
6.81	0.0	0.0	345.6	0.0	0.0	6912.0	25.0	25.0	-149.08	0.0	
6.81	0.0	0.0	345.6	0.0	0.0	6912.0	25.0	25.0	-149.08	0.0	
6.81	0.0	0.0	345.6	0.0	0.0	6912.0	25.0	25.0	-149.08	0.0	
6.81	0.0	0.0	345.6	0.0	0.0	6912.0	25.0	25.0	-149.08	0.0	
6.81	0.0	0.0	345.6	0.0	0.0	6912.0	25.0	25.0	-149.08	0.0	
6.81	0.0	0.0	345.6	0.0	0.0	6912.0	25.0	25.0	-149.08	0.0	
6.81	0.0	0.0	345.6	0.0	0.0	6912.0	25.0	25.0	-149.08	0.0	
6.81	0.0	0.0	345.6	0.0	0.0	6912.0	25.0	25.0	-149.08	0.0	
6.81	0.0	0.0	345.6	0.0	0.0	6912.0	25.0	25.0	-149.08	0.0	
6.81	0.0	0.0	345.6	0.0	0.0	6912.0	25.0	25.0	-149.08	0.0	
6.81	0.0	0.0	345.6	0.0	0.0	6912.0	25.0	25.0	-149.08	0.0	
6.81	0.0	0.0	345.6	0.0	0.0	6912.0	25.0	25.0	-149.08	0.0	
6.81	0.0	0.0	345.6	0.0	0.0	6912.0	25.0	25.0	-149.08	0.0	
6.81	0.0	0.0	345.6	0.0	0.0	6912.0	25.0	25.0	-149.08	0.0	
6.81	0.0	0.0	345.6	0.0	0.0	6912.0	25.0	25.0	-149.08	0.0	
6.81	0.0	0.0	345.6	0.0	0.0	6912.0	25.0	25.0	-149.08	0.0	
6.81	0.0	0.0	345.6	0.0	0.0	6912.0	25.0	25.0	-149.08	0.0	
6.81	0.0	0.0	345.6	0.0	0.0	6912.0	25.0	25.0	-149.08	0.0	
6.81	0.0	0.0	345.6	0.0	0.0	6912.0	25.0	25.0	-149.08	0.0	
6.81	0.0	0.0	345.6	0.0	0.0	6912.0	25.0	25.0	-149.08	0.0	
6.81	0.0	0.0	345.6	0.0	0.0	6912.0	25.0	25.0	-149.08	0.0	
6.81	0.0	0.0	345.6	0.0	0.0	6912.0	25.0	25.0	-149.08	0.0	
6.81	0.0	0.0	345.6	0.0	0.0	6912.0	25.0	25.0	-149.08	0.0	
6.81	0.0	0.0	345.6	0.0	0.0	6912.0	25.0	25.0	-149.08	0.0	
6.81	0.0	0.0	345.6	0.0	0.0	6912.0	25.0	25.0	-149.08	0.0	
6.81	0.0	0.0	345.6	0.0	0.0	6912.0	25.0	25.0	-149.08	0.0	
6.81	0.0	0.0	345.6	0.0	0.0	6912.0	25.0	25.0	-149.08	0.0	
6.81	0.0	0.0	345.6	0.0	0.0	6912.0	25.0	25.0	-149.08	0.0	
6.81	0.0	0.0	345.6	0.0	0.0	6912.0	25.0	25.0	-149.08	0.0	
6.81	0.0	0.0	345.6	0.0	0.0	6912.0	25.0	25.0	-149.08	0.0	
6.81	0.0	0.0	345.6	0.0	0.0	6912.0	25.0	25.0	-149.08	0.0	
6.81	0.0	0.0	345.6	0.0	0.0	6912.0	25.0	25.0	-149.08	0.0	
6.81	0.0	0.0	345.6	0.0	0.0	6912.0	25.0	25.0	-149.08	0.0	
6.81	0.0	0.0	345.6	0.0	0.0	6912.0	25.0	25.0	-149.08	0.0	
6.81	0.0	0.0	345.6	0.0	0.0	6912.0	25.0	25.0	-149.08	0.0	
6.81	0.0	0.0	345.6	0.0	0.0	6912.0	25.0	25.0	-149.08	0.0	
6.81	0.0	0.0	345.6	0.0	0.0	6912.0	25.0	25.0	-149.08	0.0	
6.81	0.0	0.0	345.6	0.0	0.0	6912.0	25.0	25.0	-149.08	0.0	
6.81	0.0	0.0	345.6	0.0	0.0	6912.0	25.0	25.0	-149.08	0.0	
6.81	0.0	0.0	345.6	0.0	0.0	6912.0	25.0	25.0	-149.08	0.0	
6.81	0.0	0.0	345.6	0.0	0.0	6912.0	25.0	25.0	-149.08	0.0	
6.81	0.0	0.0	345.6	0.0	0.0	6912.0	25.0	25.0	-149.08	0.0	
6.81	0.0	0.0	345.6	0.0	0.0	6912.0	25.0	25.0	-149.08	0.0	
0.0	89.6	-230.4	396.8	-256.0	7936.0	-256.0	-9.82	-9.82	-9.82	3.09	
7.43	0.0	-89.6	12.8	-3584.0	512.0	2816.0	94.63	-218.71	-9.82	3.09	
6.81	0.0	0.0	345.6	0.0	0.0	6912.0	25.0	25.0	-149.08	0.0	
6.81	0.0	0.0	345.6	0.0	0.0	6912.0	25.0	25.0	-149.08	0.0	
6.81	0.0	0.0	345.6	0.0	0.0	6912.0	25.0	25.0	-149.08	0.0	
6.81	0.0	0.0	345.6	0.0	0.0	6912.0	25.0	25.0	-149.08	0.0	
6.81	0.0	0.0	345.6	0.0	0.0	6912.0	25.0	25.0	-149.08	0.0	
6.81	0.0	0.0	345.6	0.0	0.0	6912.0	25.0	25.0	-149.08	0.0	
6.81	0.0	0.0	345.6	0.0	0.0	6912.0	25.0	25.0	-149.08	0.0	
6.81	0.0	0.0	345.6	0.0	0.0	6912.0	25.0	25.0	-149.08	0.0	
6.81	0.0	0.0	345.6	0.0	0.0	6912.0	25.0	25.0	-149.08	0.0	
6.81	0.0	0.0	345.6	0.0	0.0	6912.0	25.0	25.0	-149.08	0.0	
6.81	0.0	0.0	345.6	0.0	0.0	6912.0	25.0	25.0	-149.08	0.0	
6.81	0.0	0.0	345.6	0.0	0.0	6912.0	25.0	25.0	-149.08	0.0	
6.81	0.0	0.0	345.6	0.0	0.0	6912.0	25.0	25.0	-149.08	0.0	
6.81	0.0	0.0	345.6	0.0	0.0	6912.0	25.0	25.0	-149.08	0.0	
6.81	0.0	0.0	345.6	0.0	0.0	6912.0	25.0	25.0	-149.08	0.0	
6.81	0.0	0.0	345.6	0.0	0.0	6912.0	25.0	25.0	-149.08	0.0	
6.81	0.0	0.0	345.6	0.0	0.0	6912.0	25.0	25.0	-149.08	0.0	
6.81	0.0	0.0	345.6	0.0	0.0	6912.0	25.0	25.0	-149.08	0.0	
6.81	0.0	0.0	345.6	0.0	0.0	6912.0	25.0	25.0	-149.08	0.0	
6.81	0.0	0.0	345.6	0.0	0.0	6912.0	25.0	25.0	-149.08	0.0	
6.81	0.0	0.0	345.6	0.0	0.0	6912.0	25.0	25.0	-149.08	0.0	
6.81	0.0	0.0	345.6	0.0	0.0	6912.0	25.0	25.0	-149.08	0.0	
6.81	0.0	0.0	345.6	0.0	0.0	6912.0	25.0	25.0	-149.08	0.0	
6.81	0.0	0.0	345.6	0.0	0.0	6912.0	25.0	25.0	-149.08	0.0	
6.81	0.0	0.0	345.6	0.0	0.0	6912.0	25.0	25.0	-149.08	0.0	
6.81	0.0	0.0	345.6	0.0	0.0	6912.0	25.0	25.0	-149.08	0.0	
6.81	0.0	0.0	345.6	0.0	0.0	6912.0	25.0	25.0	-149.08	0.0	
0.0	89.6	-217.6	396.8	-256.0	7936.0	-256.0	-9.82	-9.82	-9.82	3.09	
3.71	0.0	-179.2	12.8	-3584.0	512.0	2816.0	94.63	-218.71	-9.82	3.09	
6.81	0.0	0.0	345.6	0.0	0.0	6912.0	25.0	25.0	-149.08	0.0	
6.81	0.0	0.0	345.6	0.0	0.0	6912.0	25.0	25.0	-149.08	0.0	
6.81	0.0	0.0	345.6	0.0	0.0	6912.0	25.0	25.0	-149.08	0.0	
6.81	0.0	0.0	345.6	0.0	0.0	6912.0	25.0	25.0	-149.08	0.0	
6.81	0.0	0.0	345.6	0.0	0.0	6912.0	25.0	25.0	-149.08	0.0	
6.81	0.0	0.0	345.6	0.0	0.0	6912.0	25.0	25.0	-149.08	0.0	
6.81	0.0	0.0	345.6	0.0	0.0	6912.0	25.0	25.0	-149.08	0.0	
6.81	0.0	0.0	345.6	0.0	0.0	6912.0	25.0	25.0	-149.08	0.0	
6.81	0.0	0.0	345.6	0.0	0.0	6912.0	25.0	25.0	-149.08	0.0	
6.81	0.0	0.0	345.6	0.0	0.0	6912.0	25.0	25.0	-149.08	0.0	
6.81	0.0	0.0	345.6	0.0	0.0	6912.0	25.0	25.0	-149.08	0.0	
6.81	0.0	0.0	345.6	0.0	0.0	6912.0	25.0	25.0	-149.08	0.0	
6.81	0.0	0.0	345.6	0.0	0.0	6912.0	25.0	25.0	-149.08	0.0	
6.81	0.0	0.0	345.6	0.0	0.0	6912.0	25.0	25.0	-149.08	0.0	
6.81	0.0	0.0	345.6	0.0	0.0	6912.0	25.0	25.0	-149.08	0.0	
6.81	0.0	0.0	345.6	0.0	0.0	6912.0	25.0	25.0	-149.08	0.0	
6.81	0.0	0.0	345.6	0.0	0.0	6912.0	25.0	25.0	-149.08	0.0	
6.81	0.0	0.0	345.6	0.0	0.0	6912.0	25.0	25.0	-149.08	0.0	
6.81	0.0	0.0	345.6	0.0	0.0	6912.0	25.0	25.0	-149.08	0.0	
6.81	0.0	0.0	345.6	0.0	0.0	6912.0	25.0	25.0	-149.08	0.0	
6.81	0.0	0.0	345.6	0.0	0.0	6912.0	25.0	25.0	-149.08	0.0	
6.81	0.0	0.0	345.6	0.0	0.0	6912.0	25.0	25.0	-149.08	0.0	
6.81	0.0	0.0	345.6	0.0	0.0	6912.0	25.0	25.0	-149.08	0.0	
6.81	0.0	0.0	345.6	0.0	0.0	6912.0	25.0	25.0	-149.08	0.0	
6.81	0.0	0.0	345.6	0.0	0.0	6912.0	25.0	25.0	-149.08	0.0	
6.81	0.0	0.0	345.6	0.0	0.0	6912.0	25.0	25.0	-149.08	0.0	
6.81	0.0	0.0	345.6	0.0	0.0	6912.0	25.0	25.0	-149.08	0.0	
6.81	0.0	0.0	345.6	0.0	0.0	6912.0	25.0	25.0	-149.08	0.0	
6.81	0.0	0.0	345.6	0.0	0.0	6912.0	25.0	25.0	-149.08	0.0	
6.81	0.0	0.0	345.6	0.0	0.0	6912.0	25.0	25.0	-149.08	0.0	
6.81	0.0	0.0	345.6	0.0	0.0	6912.0	25.0	25.0	-149.08	0.0	
6.81	0.0	0.0	345.6	0.0	0.0	6912.0	25.0	25.0	-149.08	0.0	
6.81	0.0	0.0	345.6	0.0	0.0	6912.0	25.0	25.0	-149.08	0.0	
6.81	0.0	0.0	345.6	0.0	0.0	6912.0	25.0	25.0	-149.08	0.0	
6.81	0.0	0.0	345.6	0.0	0.0	6912.0	25.0	25.0	-149.08	0.0	
6.81	0.0	0.0	345.6	0.0	0.0	6912.0	25.0	25.0	-149.08	0.0	
6.81	0.0	0.0	345.6	0.0	0.0	6912.0	25.0	25.0	-149.08	0.0	
6.81	0.0	0.0	345.6	0.0	0.0	6912.0	25.0	25.0	-149.08	0.0	
6.81	0.0	0.0	345.6	0.0	0.0	6912.0	25.0	25.0	-149.08	0.0	
6.81	0.0	0.0	345.6	0.0	0.0	6912.0	25.0	25.0	-149.08	0.0	
6.81	0.0	0.0	345.6	0.0	0.0	6912.0	25.0	25.0	-149.08	0.0	
6.81	0.0	0.0	345.6	0.0	0.0	6912.0	25.0	25.0	-149.08	0.0	
6.81	0.0	0.0	345.6	0.0	0.0	6912.0	25.0	25.0	-149.08	0.0	
6.81	0.0	0.0	345.6	0.0	0.0	6912.0	25.0	25.0	-149.08	0.0	
6.81	0.0	0.0	345.6	0.0	0.0	6912.0	25.0	25.0	-149.08	0.0	
6.81	0.0	0.0	345.6	0.0	0.0	6912.0	25.0	25.0	-149.08	0.0	
6.81	0.0	0.0	345.6	0.0	0.0	6912.0	25.0	25.0	-149.08	0.0	
6.81	0.0	0.0	345.6	0.0	0.0	6912.0	25.0	25.0	-149.08	0.0	
6.81	0.0	0.0	345.6	0.0	0.0	6912.0	25.0	25.0	-149.08	0.0	
6.81	0.0	0.0	345.6	0.0	0.0	6912.0	25.0	25.0	-149.08	0.0	
6.81	0.0	0.0	345.6	0.0	0.0	6912.0	25.0	25.0	-149.08	0.0	
6.81	0.0	0.0	345.6	0.0	0.0	6912.0	25.0	25.0	-149.08	0.0	
6.81	0.0	0.0	345.6	0.0	0.0	6912.0	25.0	25.0	-149.08	0.0	
6.81	0.0	0.0	345.6	0.0	0.0	6912.0	25.0	25.0	-149.08	0.0	
6.81	0.0	0.0	345.6	0.0	0.0	6912.0	25.0	25.0	-149.08	0.0	
6.81	0.0	0.0	345.6	0.0	0.0	6912.0	25.0	25.0	-149.08	0.0	
6.81	0.0	0.0	345.6	0.0	0.0	6912.0	25.0	25.0	-149.08	0.0	
6.81	0.0	0.0	345.6	0.0	0.0	6912.0	25.0	25.0	-149.08	0.0	
6.81	0.0	0.0	345.6	0.0	0.0	6912.0	25.0	25.0	-149.08	0.0	
6.81	0.0	0.0	345.6	0.0	0.0	6912.0	25.0	25.0	-149.08	0.0	
6.81	0.0	0.0	345.6	0.0	0.0	6912.0	25.0	25.0	-149.08	0.0	
6.81	0.0	0.0	345.6	0.0	0.0	6912.0	25.0	25.0	-149.08	0.0	
6.81	0.0	0.0	345.6	0.0	0.0	6912.0	25.0	25.0	-149.08	0.0	
6.81	0.0	0.0	345.6	0.0	0.0	6912.0	25.0	25.0	-149.08	0.0	
6.81	0.0	0.0	345.6	0.0	0.0	6912.0	25.0	25.0	-149.08	0.0	
6.81	0.0	0.0	345.6	0.0	0.0	6912.0	25.0	25.0	-149.08	0.0	
6.81	0.0	0.0	345.6	0.0	0.0	6912.0	25.0	25.0	-149.08	0.0	
6.81	0.0	0.0	345.6	0.0	0.0	6912.0	25.0	25.0	-149.08	0.0	
6.81	0.0	0.0	345.6	0.0	0.0	6912.0	25.0	25.0	-149.08	0.0	
6.81	0.0	0.0	345.6	0.0	0.0	6912.0	25.0	25.0	-149.08	0.0	
6.81	0.0	0.0	345.6	0.0	0.0	6912.0	25.0	25.0	-149.08	0.0	
6.81	0.0	0.0	345.6	0.0	0.0	6912.0	25.0	25.0	-149.08	0.0	
6.81	0.0	0.0	345.6	0.0	0.0	6912.0	25.0	25.0	-149.08	0.0	
0.0	89.6	-217.6	396.8	-256.0	7936.0	-256.0	-9.82	-9.82	-9.82	3.09	
8.67	0.0	-230.4	12.8	-3584.0	512.0	2816.0	94.63	-149.08	-9.82	3.09	
6.81	0.0	0.0	345.6	0.0	0.0	6912.0	25.0	25.0	-149.08	0.0	
6.81	0.0	0.0	345.6	0.0	0.0	6912.0	25.0	25.0	-149.08	0.0	
6.81	0.0	0.0	345.6	0.0	0.0	6912.0	25.0	25.0	-149.08	0.0	
6.81	0.0	0.0	345.6	0.0	0.0	6912.0	25.0	25.0	-149.08	0.0	
6.81	0.0	0.0	345.6	0.0	0.0	6912.0	25.0	25.0	-149.08	0.0	
6.81	0.0	0.0	345.6	0.0	0.0	6912.0	25.0	25.0	-149.08	0.0	
6.81	0.0	0.0	345.6	0.0	0.0	6912.0	25.0	25.0	-149.08	0.0	
6.81	0.0	0.0	345.6	0.0	0.0	6912.0	25.0	25.0	-149.08	0.0	
6.81	0.0	0.0	345.6	0.0	0.0	6912.0	25.0	25.0	-149.08	0.0	
6.81	0.0	0.0	345.6	0.0	0.0	6912.0	25.0	25.0	-149.08	0.0	
6.81	0.0	0.0	345.6	0.0	0.0	6912.0	25.0	25.0	-149.08	0.0	
6.81	0.0	0.0	345.6	0.0	0.0	6912.0	25.0	25.0	-149.08	0.0	
6.81	0.0	0.0	345.6	0.0	0.0	6912.0	25.0	25.0	-149.08	0.0	
6.81	0.0	0.0	345.6	0.0	0.0	6912.0	25.0	25.0	-149.08	0.0	
6.81	0.0	0.0	345.6	0.0	0.0	6912.0	25.0	25.0	-149.08	0.0	
6.81	0.0	0.0	345.6	0.0	0.0	6912.0	25.0	25.0	-149.08	0.0	
6.81	0.0	0.0	345.6	0.0	0.0	6912.0	25.0	25.0	-149.08	0.0	
6.81	0.0	0.0	345.6	0.0	0.0	6912.0	25.0	25.0	-149.08	0.0	
6.81	0.0	0.0	345.6	0.0	0.0	6912.0	25.0	25.0	-149.08	0.0	
6.81	0.0	0.0	345.6	0.0	0.0	6912.0	25.0	25.0	-149.08	0.0	
6.8